1000
0.478903
0.919825
0.502965
0.336523
0.946973
0.780317
0.779883
0.497760
0.847404
0.319314
0.717565
0.113842
0.349332
0.215729
0.751271
0.617497
0.265540
0.922518
0.764964
0.749020
0.783059
0.870115
0.028225
0.372316
0.517974
0.591573
0.563251
0.563457
0.025514
0.818402
0.877517
0.432575
0.282182
0.629928
0.192267
0.430691
0.630184
0.510247
0.722241
0.709757
0.878332
0.128001
0.309956
0.428079
0.727321
0.081577
0.062013
0.260518
0.521207
0.924701
0.454482
0.481417
0.174769
0.334964
0.740110
0.024434
0.667932
0.936910
0.638843
0.039282
0.220654
0.528008
0.238310
0.274112
0.005726
0.235470
0.551260
0.034965
0.662322
0.641831
0.251397
0.231849
0.685540
0.867349
0.537979
0.813961
0.249439
0.326020
0.422972
0.891076
0.314009
0.554072
0.291788
0.083950
0.940464
0.380071
0.857498
0.972303
0.504923
0.243596
0.124049
0.897836
0.929224
0.467640
0.619566
0.041479
0.139563
0.632976
0.422013
0.774328
0.125340
0.581340
0.578920
0.905154
0.915569
0.966436
0.892428
0.035321
0.640627
0.017446
0.222046
0.932171
0.996880
0.564132
0.367833
0.168641
0.357076
0.384364
0.004398
0.916958
0.320048
0.048424
0.870565
0.581532
0.807031
0.770478
0.420393
0.551750
0.263774
0.255069
0.945298
0.631754
0.893376
0.972188
0.564774
0.157453
0.320283
0.988782
0.463837
0.704308
0.306251
0.157032
0.239852
0.198765
0.640505
0.975108
0.647004
0.189712
0.493054
0.756926
0.654406
0.593773
0.536021
0.911482
0.285045
0.748825
0.501259
0.655564
0.070890
0.447097
0.363379
0.311807
0.532512
0.937192
0.380840
0.785118
0.485372
0.642941
0.907458
0.645109
0.338690
0.367421
0.243557
0.460616
0.571073
0.021667
0.154607
0.473618
0.090213
0.214491
0.949791
0.144987
0.792232
0.037733
0.174896
0.477495
0.261916
0.026228
0.810747
0.230289
0.467774
0.879328
0.867814
0.353477
0.896117
0.035842
0.392910
0.646691
0.943094
0.585252
0.327849
0.154917
0.691458
0.333568
0.282798
0.992745
0.062169
0.881757
0.683363
0.281632
0.391266
0.015640
0.861290
0.706005
0.826542
0.693863
0.751412
0.986711
0.647842
0.276864
0.250200
0.112664
0.545862
0.310425
0.313044
0.338884
0.620819
0.107475
0.326236
0.054963
0.763957
0.831486
0.779444
0.116421
0.692508
0.982555
0.808093
0.619851
0.839216
0.697526
0.318798
0.043185
0.811741
0.923661
0.966061
0.585384
0.546452
0.224024
0.176983
0.555666
0.073726
0.104967
0.175885
0.093965
0.269897
0.154388
0.793189
0.129961
0.255676
0.138753
0.023921
0.045269
0.836512
0.253142
0.549686
0.580671
0.339267
0.067619
0.466626
0.587077
0.010832
0.054896
0.644121
0.747069
0.991918
0.162295
0.692343
0.207380
0.429182
0.261838
0.712987
0.164510
0.924041
0.351588
0.135192
0.173226
0.408011
0.433220
0.136832
0.729050
0.148595
0.434110
0.093070
0.231419
0.452942
0.588117
0.480368
0.550247
0.996795
0.135241
0.987701
0.282547
0.767891
0.938761
0.749913
0.793198
0.273231
0.186425
0.249781
0.073236
0.882317
0.103377
0.451886
0.847193
0.780676
0.827421
0.456649
0.902733
0.238703
0.887887
0.723588
0.335861
0.807694
0.914915
0.969198
0.306343
0.705628
0.490454
0.068262
0.283459
0.095608
0.882243
0.860878
0.775716
0.457452
0.403032
0.766343
0.934146
0.193552
0.033983
0.149090
0.748814
0.313042
0.303297
0.518496
0.370075
0.844087
0.562335
0.156537
0.919616
0.981576
0.355664
0.643910
0.198609
0.021849
0.220422
0.639829
0.607471
0.772019
0.326936
0.808088
0.532697
0.034407
0.276658
0.790929
0.147229
0.482242
0.034815
0.128574
0.940608
0.806363
0.544889
0.956264
0.925571
0.078703
0.756199
0.434532
0.174424
0.542895
0.437701
0.438032
0.006150
0.354751
0.294858
0.683116
0.130776
0.957645
0.132118
0.508122
0.011833
0.880808
0.734850
0.629256
0.910540
0.446007
0.047030
0.427779
0.683977
0.604746
0.969970
0.280906
0.182350
0.749195
0.715615
0.342408
0.853662
0.494048
0.467367
0.036608
0.275036
0.530597
0.747374
0.115897
0.872957
0.786021
0.659301
0.868886
0.373841
0.152534
0.646697
0.036017
0.333410
0.629839
0.707933
0.236868
0.035988
0.843527
0.153528
0.348396
0.490510
0.003529
0.312218
0.442821
0.490308
0.611283
0.836400
0.383179
0.094428
0.045434
0.604597
0.458817
0.329278
0.169881
0.185166
0.085353
0.535801
0.212192
0.318723
0.781183
0.343402
0.565457
0.632288
0.868351
0.377657
0.279660
0.241388
0.010225
0.844255
0.394971
0.285889
0.931904
0.517074
0.465737
0.637014
0.291779
0.923149
0.365069
0.713121
0.431888
0.736644
0.769481
0.664912
0.169577
0.073882
0.728984
0.033956
0.690785
0.027478
0.820980
0.210222
0.201841
0.339082
0.958406
0.923379
0.238308
0.238322
0.483421
0.852332
0.144207
0.690389
0.361963
0.506801
0.803047
0.809385
0.334927
0.112349
0.246910
0.809434
0.151178
0.845963
0.103988
0.724943
0.110204
0.194301
0.622236
0.920588
0.328850
0.989883
0.971408
0.451113
0.859623
0.688151
0.752635
0.532777
0.384636
0.570482
0.087930
0.843939
0.084342
0.530517
0.406897
0.718157
0.060187
0.567376
0.885179
0.196330
0.713110
0.240423
0.796194
0.640879
0.248084
0.551881
0.456347
0.829493
0.287522
0.383513
0.700472
0.826156
0.208096
0.465614
0.566970
0.072966
0.337850
0.239776
0.909895
0.602941
0.623833
0.767328
0.482753
0.637372
0.308394
0.176238
0.023770
0.505839
0.638855
0.238644
0.882731
0.062381
0.433120
0.453951
0.553079
0.602979
0.272193
0.752311
0.094460
0.590251
0.344643
0.412110
0.340911
0.695579
0.591004
0.002222
0.345337
0.072892
0.095288
0.511303
0.475311
0.556096
0.300618
0.493151
0.397216
0.001734
0.135225
0.723921
0.932935
0.846111
0.594714
0.362944
0.992782
0.681486
0.730008
0.243719
0.183871
0.328297
0.693973
0.595861
0.628780
0.909729
0.812104
0.037808
0.443065
0.597610
0.037114
0.776304
0.348363
0.938923
0.483296
0.760320
0.698823
0.120950
0.805749
0.225939
0.355664
0.642337
0.759514
0.145179
0.031746
0.553614
0.596675
0.316051
0.875128
0.269510
0.659425
0.950489
0.873967
0.766895
0.198235
0.736453
0.565076
0.227548
0.393273
0.739817
0.109600
0.041583
0.884256
0.694397
0.738463
0.354987
0.261740
0.057952
0.999989
0.822161
0.066840
0.380264
0.093052
0.930064
0.590409
0.005186
0.157039
0.347770
0.973326
0.682293
0.301777
0.974440
0.417932
0.191267
0.622507
0.472546
0.074115
0.646168
0.143837
0.466202
0.463657
0.683744
0.691530
0.549747
0.597387
0.281787
0.999420
0.246614
0.846122
0.779769
0.573944
0.280625
0.463855
0.011337
0.533680
0.553822
0.084528
0.657489
0.409385
0.535403
0.509846
0.987713
0.495362
0.543426
0.358682
0.364301
0.799917
0.211425
0.423629
0.939162
0.501104
0.051544
0.291868
0.421875
0.456885
0.865506
0.556201
0.064306
0.796785
0.567783
0.726263
0.297710
0.614478
0.531289
0.367787
0.398362
0.276430
0.952948
0.199764
0.432685
0.137971
0.870252
0.326266
0.549973
0.397520
0.112509
0.941638
0.111420
0.642084
0.507486
0.322570
0.438224
0.230191
0.820425
0.884915
0.770361
0.463159
0.318616
0.973589
0.112777
0.449032
0.880519
0.881664
0.126064
0.761010
0.288651
0.353740
0.303623
0.988150
0.841763
0.513636
0.673283
0.859584
0.020961
0.287733
0.934665
0.919539
0.696260
0.036255
0.337451
0.546093
0.191216
0.772211
0.549553
0.333885
0.602585
0.647328
0.645404
0.301328
0.426580
0.533518
0.840067
0.014178
0.290044
0.769391
0.159666
0.506783
0.502264
0.549111
0.911184
0.270479
0.936441
0.769985
0.132487
0.717165
0.384519
0.607566
0.358362
0.984290
0.962054
0.245237
0.691292
0.552053
0.358279
0.594421
0.429333
0.807279
0.931664
0.483896
0.834297
0.035116
0.201994
0.917159
0.689660
0.116958
0.719615
0.561231
0.610030
0.772315
0.291726
0.040139
0.614122
0.542645
0.230753
0.273083
0.699283
0.856087
0.257896
0.456893
0.002999
0.412063
0.538607
0.362303
0.222610
0.401248
0.777528
0.909824
0.410546
0.052583
0.762860
0.383254
0.352149
0.562602
0.646690
0.910967
0.622632
0.568001
0.396126
0.681948
0.506108
0.164649
0.253082
0.550423
0.967419
0.407335
0.077425
0.278521
0.097126
0.401278
0.286711
0.758321
0.092808
0.830166
0.599326
0.867917
0.074880
0.501081
0.670853
0.030777
0.267793
0.797168
0.001544
0.943459
0.720084
0.459227
0.232010
0.394418
0.989657
0.163308
0.714923
0.711187
0.917511
0.599625
0.904608
0.744590
0.328601
0.797853
0.517482
0.327991
0.548111
0.105543
0.862621
0.072039
0.755204
0.715920
0.466770
0.009675
0.612387
0.393145
0.581907
0.116039
0.275331
0.493932
0.513396
0.654731
0.072270
0.645411
0.415046
0.670642
0.478850
0.026484
0.122138
0.767021
0.327665
0.064002
0.683560
0.590042
0.834297
0.031070
0.196958
0.269207
0.567542
0.676297
0.517715
0.239164
0.636971
0.576073
0.055499
0.769565
0.075857
0.933561
0.356972
0.633417
0.844283
0.871856
0.277934
0.231002
0.445563
0.571814
0.477114
0.861378
0.186942
0.932966
0.355350
0.363975
0.334443
0.980916
0.247322
0.747385
0.295762
0.874404
0.107536
0.356633
0.925537
0.493862
0.331904
0.315620
0.626016
0.445545
0.274584
0.934996
0.482452
0.572232
0.498823
0.723371
0.703541
0.410226
0.662015
0.480520
0.105486
0.900784
0.472489
0.127922
0.990657
0.971594
0.582553
0.970188
0.956036
0.091519
0.163207
0.020514
0.780054
0.365255
0.846064
0.797708
0.080750
0.169191
0.586651
0.845619
0.316020
0.348335
0.460990
0.865188
0.210110
0.311217
0.624063
0.625118
0.352361
0.123999
0.048722
0.868437
0.823813
0.832153
0.992823
0.381601
0.574384
0.673421
0.190073
0.554287
0.906945
0.019049
0.150892
0.049009
0.699804
0.599652
0.354045
0.433612
0.719833
