15
60
0,682025949	0,705969625	0,53342281	0,795726087	0,780671887	0,439011368	0,856375079	0,74873371	0,431050623	0,419210901	0,93968474	0,190349466	0,134796406	0,94417295	0,168543742	0,974840929	0,985189516	0,448103044	0,106696497	0,86025664	0,259933855	0,808981966	0,715623575	0,261626866	0,248460538	0,708377055	0,23253991	0,510989305	0,747108442	0,648779775	0,210752682	0,398770151	0,058092936	0,321865718	0,983945615	0,626067628	0,674729099	0,178562627	0,309800703	0,989813215	0,168104037	0,27882361	0,91101454	0,854248575	0,841909554	0,764930014	0,666566353	0,211320381	0,376091114	0,838873277	0,978365007	0,548238736	0,097037779	0,817671223	0,852042813	0,141570957	0,485749977	0,922262544	0,739670429	0,364316563
0,237104556	0,435446739	0,996681864	0,837944177	0,342967078	0,33690703	0,46474532	0,686048807	0,593366424	0,317290259	0,374293265	0,641140174	0,383967158	0,634437818	0,662334815	0,025959304	0,478514602	0,627728395	0,688573983	0,452271883	0,2444414	0,116268225	0,188455047	0,704827119	0,788708867	0,189771254	0,919633817	0,097160532	0,957653352	0,267303111	0,481574337	0,361929011	0,864122851	0,904096265	0,730655637	0,17586432	0,863246569	0,536989643	0,67436433	0,649102069	0,961937868	0,576112131	0,651442309	0,215547454	0,724708411	0,482684744	0,368032019	0,343284681	0,972073494	0,523747577	0,427162262	0,440860583	0,304878687	0,269748665	0,568906477	0,730036753	0,064980693	0,788866854	0,881571846	0,576831381
0,156730553	0,732563405	0,559131425	0,39922881	0,000579112	0,096295499	0,628757166	0,758499705	0,319541572	0,367057936	0,187307435	0,923169075	0,814062115	0,56071922	0,907411017	0,81078789	0,985370292	0,16208705	0,242879267	0,018239614	0,60409067	0,46228001	0,520308406	0,059099983	0,149658742	0,088372465	0,630788523	0,190833638	0,873028979	0,572055813	0,525387701	0,644160295	0,219859189	0,686591473	0,927241649	0,809872243	0,132133861	0,363132024	0,618992696	0,055228241	0,853422378	0,627258614	0,914157897	0,667630721	0,880950575	0,39323789	0,864734258	0,968066512	0,658053967	0,060123526	0,947587594	0,286098626	0,941148941	0,023252302	0,168890604	0,184938897	0,368782733	0,801087773	0,328439505	0,516975648
0,457041248	0,237042426	0,465524838	0,515654561	0,882611725	0,261446289	0,238539088	0,74045563	0,286386794	0,816061974	0,26002637	0,480543238	0,758500883	0,838830958	0,215692863	0,781768573	0,993071096	0,495678223	0,59399025	0,607220253	0,797427833	0,357223168	0,107453352	0,305962623	0,011156975	0,79737734	0,111879952	0,005382846	0,123345553	0,310268463	0,192964812	0,244904668	0,575219439	0,116279033	0,975202656	0,119359355	0,015820413	0,255778319	0,148154706	0,7120879	0,226049173	0,83100437	0,523296772	0,4595012	0,701011677	0,295219883	0,134884467	0,904509142	0,268201079	0,434865457	0,191733859	0,53976212	0,119230305	0,308017507	0,661359778	0,877130583	0,248063766	0,131335425	0,900716873	0,313823421
0,424461094	0,005292899	0,784419637	0,004243612	0,782881149	0,245883888	0,693326472	0,558829748	0,100277764	0,496663427	0,13872845	0,833337565	0,786973785	0,266557914	0,343840277	0,29381743	0,030783174	0,404755513	0,519085435	0,321230185	0,535700601	0,591997471	0,411021141	0,691361697	0,262566871	0,89591312	0,850499386	0,107567965	0,014203789	0,86305596	0,918879074	0,599348005	0,819544724	0,864851812	0,754662321	0,096081799	0,523183613	0,755998762	0,267999374	0,404435634	0,6183262	0,332426354	0,927239815	0,104440441	0,688473309	0,452419157	0,462251254	0,592424947	0,571253013	0,500489714	0,865966535	0,822288563	0,04305552	0,490979793	0,67816476	0,615816043	0,115279865	0,028309768	0,412582066	0,457063506
0,653216902	0,660326439	0,655127357	0,855522015	0,447452403	0,208862934	0,605586166	0,734137043	0,651850393	0,964085992	0,934421487	0,389812235	0,725721951	0,297391286	0,503151655	0,760660382	0,426362281	0,946218973	0,687337419	0,527846156	0,54795529	0,243952597	0,207353499	0,883303857	0,944331465	0,251657828	0,6706802	0,170635098	0,397492984	0,248969499	0,967826806	0,525965596	0,110323016	0,933074019	0,33940908	0,904088123	0,151697203	0,386273821	0,650664932	0,769462447	0,56517472	0,247496551	0,29165674	0,236976053	0,650830403	0,734175213	0,992232999	0,227804486	0,093342758	0,315469945	0,834047414	0,671709059	0,481449213	0,796370073	0,762702257	0,648326924	0,760699325	0,141155847	0,066013117	0,199465057
0,776419731	0,281176685	0,127421688	0,79605727	0,194837659	0,869994162	0,503971421	0,983391591	0,72108948	0,086580607	0,047490809	0,224148766	0,793854144	0,457361311	0,315754017	0,161852405	0,112206224	0,458786811	0,526741277	0,118153298	0,252375377	0,732976753	0,316195928	0,670802777	0,671663857	0,249781148	0,47156406	0,076092007	0,699580009	0,033187383	0,338312407	0,216016142	0,269828675	0,423140589	0,62460962	0,997205893	0,507582267	0,495805548	0,602693464	0,038891467	0,645921724	0,41952628	0,013818213	0,315101151	0,375312743	0,248402143	0,976609837	0,152611291	0,412888024	0,677727668	0,539932216	0,61313741	0,51368584	0,333005945	0,768508474	0,142869412	0,545918486	0,935428445	0,250035653	0,098954666
0,623722751	0,260122308	0,439657964	0,57311064	0,919748096	0,284101587	0,067644166	0,48521143	0,24552966	0,495821971	0,91302833	0,72918875	0,601214285	0,281813806	0,148818497	0,263973241	0,657224473	0,936180621	0,09232452	0,919617429	0,004470036	0,435303127	0,354354271	0,261991833	0,89938064	0,365919548	0,680123583	0,386322385	0,766342581	0,931738261	0,126857337	0,859708336	0,602735717	0,315405465	0,535407983	0,79609846	0,801236187	0,041801974	0,953131312	0,218734167	0,389121746	0,08559548	0,981202837	0,262904884	0,760173057	0,884056951	0,291386301	0,695943116	0,521828521	0,293597437	0,963734791	0,330067464	0,825520488	0,6141854	0,038785964	0,741920508	0,667167477	0,882446249	0,180958045	0,613020823
0,424809447	0,217996331	0,680684692	0,086286084	0,966619764	0,732801461	0,612013125	0,611396364	0,535785409	0,24468958	0,485174038	0,492242782	0,273385396	0,881440227	0,660086451	0,188518045	0,104836394	0,893099842	0,843451019	0,78297465	0,910201717	0,378184816	0,248982498	0,28714123	0,460031335	0,484343766	0,212479752	0,729070454	0,429285721	0,152914092	0,924257176	0,725559527	0,950035201	0,150195842	0,608946811	0,380079086	0,158109504	0,019193562	0,082479781	0,727932285	0,559855802	0,769560278	0,049085523	0,233430054	0,32154248	0,461107764	0,645890464	0,367506912	0,59291103	0,071158533	0,55587825	0,470684404	0,879771104	0,234646031	0,866953914	0,679679104	0,250956315	0,205502212	0,187494461	0,381820301
0,442659866	0,86732116	0,75720111	0,461374974	0,073912953	0,167015483	0,022355653	0,039196435	0,350968898	0,92084206	0,641973178	0,56281568	0,226718322	0,174272338	0,968570758	0,051727701	0,381866989	0,614434801	0,379851398	0,508812732	0,543130256	0,727190911	0,708361101	0,576634972	0,277813221	0,94199812	0,439503556	0,779991989	0,625145715	0,446356466	0,02661808	0,974495234	0,910038373	0,768853454	0,248737569	0,273264979	0,740034078	0,710952069	0,922624844	0,827351775	0,923563958	0,439489529	0,264348406	0,914448069	0,524295228	0,993191443	0,035983298	0,520191139	0,942243026	0,291896546	0,19545999	0,676904886	0,547516664	0,364799854	0,285798531	0,276138128	0,420994404	0,191344686	0,277939869	0,18845725
0,383118631	0,088601084	0,694808851	0,105642872	0,797898827	0,513242459	0,405114087	0,54576544	0,406063351	0,348782722	0,50909659	0,726747218	0,557513584	0,194941658	0,809004516	0,843840069	0,684850107	0,343422788	0,762015724	0,089444654	0,085122734	0,805033087	0,421880811	0,006399652	0,493788576	0,157536569	0,656142446	0,812672314	0,671202412	0,145524281	0,205424455	0,493406574	0,944785405	0,292744	0,716103333	0,254454281	0,238348787	0,811937881	0,681586978	0,595444458	0,935281339	0,913793437	0,86594582	0,816446447	0,078046199	0,638101812	0,998432296	0,290128525	0,082000607	0,556028531	0,316234711	0,443376577	0,940563185	0,290137024	0,982499836	0,658970969	0,113218158	0,961141858	0,802398277	0,429857488
0,36252886	0,834787313	0,59107872	0,677069561	0,49236939	0,705084382	0,143798954	0,33449909	0,497652008	0,703145627	0,842432211	0,772368452	0,959419387	0,449947207	0,429102314	0,822831119	0,313700721	0,445364372	0,581735249	0,627742485	0,584697516	0,525367407	0,540397103	0,554884254	0,551696842	0,750079262	0,920443665	0,59869726	0,296083379	0,014116861	0,453438258	0,34355141	0,568822622	0,6653079	0,772453137	0,864071495	0,217374673	0,753746694	0,17635337	0,223563989	0,07414905	0,213658656	0,831179294	0,288211562	0,688314684	0,979295867	0,812403022	0,319226283	0,091440795	0,801008607	0,2289915	0,887994704	0,374312278	0,486916471	0,153583683	0,572615681	0,476088811	0,799591672	0,124028155	0,408900885
0,602621827	0,134513192	0,690780078	0,472750173	0,556602574	0,12698191	0,360228761	0,722823862	0,327002769	0,902865111	0,84361418	0,837827172	0,51029234	0,710882002	0,404196937	0,87634312	0,859110927	0,404391622	0,299256778	0,329195326	0,106815061	0,626100261	0,131776597	0,907880032	0,258526748	0,269365429	0,184955396	0,68589981	0,875242925	0,569364755	0,355970425	0,538645875	0,01182876	0,008884675	0,343367638	0,501461969	0,607655082	0,086629726	0,047855183	0,667066441	0,897674352	0,019383779	0,904479354	0,097264328	0,505807524	0,608002785	0,121519175	0,400302378	0,756792515	0,605201941	0,329220226	0,416069915	0,190000678	0,715489616	0,641860545	0,123825821	0,773043532	0,525205493	0,746867529	0,439117352
0,690615586	0,611006001	0,375850907	0,427926681	0,849488301	0,046084063	0,008351592	0,590472355	0,610731305	0,931556925	0,12323885	0,610983545	0,612033168	0,465381765	0,70231031	0,904947004	0,163369171	0,162533063	0,00617661	0,968007174	0,278730707	0,291240137	0,620442896	0,197155288	0,895787637	0,643092327	0,466157589	0,456323722	0,211979377	0,755367811	0,882797386	0,453024763	0,979319822	0,890842786	0,76915425	0,264891659	0,728814458	0,722378831	0,00863343	0,529629242	0,63964464	0,159140093	0,033549391	0,696962506	0,42977654	0,724181919	0,658120359	0,774989734	0,865920959	0,457771921	0,447982658	0,96310237	0,593223998	0,512106092	0,203749753	0,483749711	0,781821141	0,014252592	0,280933716	0,265451404
0,939361537	0,926893799	0,633502945	0,040773487	0,68651442	0,114585891	0,739588712	0,491545671	0,277029162	0,066190698	0,132634813	0,706547836	0,192265671	0,169239544	0,419971745	0,517350918	0,526978599	0,179831258	0,539277578	0,983365089	0,007937936	0,225439918	0,302613259	0,205021735	0,820356097	0,525834535	0,359739249	0,338317123	0,518934128	0,842399622	0,083197066	0,606297604	0,070697371	0,406996612	0,097954909	0,539967597	0,784876463	0,796595328	0,155900595	0,478830895	0,732652867	0,047991747	0,221295128	0,562525794	0,596634379	0,681159266	0,503477005	0,901266675	0,297563722	0,155988966	0,592315544	0,183788952	0,452608739	0,467026505	0,21176857	0,646065843	0,418890957	0,805097601	0,751406616	0,002036799
